int^int^int^int^array^int
id^difficulty^class^exec_time^monster_info^class_factor
^难度级别^轮数^本轮开始后的刷新时间^怪物种类和数量^轮数难度系数（百分比）
1^1^1^0^1,1|1,1|1,1|1,1|1,1|1,1|1,1|1,1|1,1|1,1^110
2^1^1^5^1,2|1,2|1,2|1,2|1,2|1,2|1,2|1,2|1,2|1,2^110
3^1^1^10^1,3|1,3|1,3|1,3|1,3|1,3|1,3|1,3|1,3|1,3^110
4^1^1^15^1,4|1,4|1,4|1,4|1,4|1,4|1,4|1,4|1,4|1,4^110
5^1^1^20^1,5|1,5|1,5|1,5|1,5|1,5|1,5|1,5|1,5|1,5^110
6^1^2^0^1,2|1,2|1,2|1,2|1,2|1,2|1,2|1,2|1,2|1,2^120
7^1^2^3^1,3|1,3|1,3|1,3|1,3|1,3|1,3|1,3|1,3|1,3^120
8^1^2^6^1,4|1,4|1,4|1,4|1,4|1,4|1,4|1,4|1,4|1,4^120
9^1^2^9^1,5|1,5|1,5|1,5|1,5|1,5|1,5|1,5|1,5|1,5^120
10^1^2^12^1,5|1,5|1,5|1,5|1,5|1,5|1,5|1,5|1,5|1,5^120
